5.050505050505050934e-03
1.515151515151515194e-02
2.525252525252525554e-02
3.535353535353535914e-02
4.545454545454545581e-02
5.555555555555555941e-02
6.565656565656566301e-02
7.575757575757577356e-02
8.585858585858585634e-02
9.595959595959596689e-02
1.060606060606060774e-01
1.161616161616161602e-01
1.262626262626262708e-01
1.363636363636363813e-01
1.464646464646464641e-01
1.565656565656565746e-01
1.666666666666666852e-01
1.767676767676767957e-01
1.868686868686868785e-01
1.969696969696969890e-01
2.070707070707070718e-01
2.171717171717171824e-01
2.272727272727272929e-01
2.373737373737374035e-01
2.474747474747474862e-01
2.575757575757575690e-01
2.676767676767677351e-01
2.777777777777777901e-01
2.878787878787879007e-01
2.979797979797980112e-01
3.080808080808080662e-01
3.181818181818182323e-01
3.282828282828282873e-01
3.383838383838384534e-01
3.484848484848485084e-01
3.585858585858586189e-01
3.686868686868687295e-01
3.787878787878787845e-01
3.888888888888889506e-01
3.989898989898990056e-01
4.090909090909091717e-01
4.191919191919192267e-01
4.292929292929292817e-01
4.393939393939394478e-01
4.494949494949495028e-01
4.595959595959596689e-01
4.696969696969697239e-01
4.797979797979798344e-01
4.898989898989899450e-01
5.000000000000000000e-01
5.101010101010101661e-01
5.202020202020203321e-01
5.303030303030302761e-01
5.404040404040404422e-01
5.505050505050506082e-01
5.606060606060606633e-01
5.707070707070707183e-01
5.808080808080808843e-01
5.909090909090909394e-01
6.010101010101009944e-01
6.111111111111111605e-01
6.212121212121213265e-01
6.313131313131313815e-01
6.414141414141414366e-01
6.515151515151516026e-01
6.616161616161616577e-01
6.717171717171717127e-01
6.818181818181818787e-01
6.919191919191920448e-01
7.020202020202020998e-01
7.121212121212121549e-01
7.222222222222223209e-01
7.323232323232323759e-01
7.424242424242424310e-01
7.525252525252525970e-01
7.626262626262627631e-01
7.727272727272727071e-01
7.828282828282828731e-01
7.929292929292930392e-01
8.030303030303030942e-01
8.131313131313131493e-01
8.232323232323233153e-01
8.333333333333334814e-01
8.434343434343434254e-01
8.535353535353535914e-01
8.636363636363637575e-01
8.737373737373738125e-01
8.838383838383838675e-01
8.939393939393940336e-01
9.040404040404041996e-01
9.141414141414141437e-01
9.242424242424243097e-01
9.343434343434344758e-01
9.444444444444445308e-01
9.545454545454545858e-01
9.646464646464647519e-01
9.747474747474748069e-01
9.848484848484848619e-01
9.949494949494950280e-01
